maptype: [timeMean(microseconds) expansionsMean numVisibleMean] [stds]
bgmaps.txt: [ 20.9988384  140.21331467 106.21846133] [ 7.03207964 48.91584645 35.42485051]
da2.txt: [13.50431045 77.86024627 68.72685373] [ 5.83601756 44.9729116  35.03972004]
dao.txt: [ 18.00455654 113.56363846  91.3926141 ] [12.64838287 82.04986937 59.50552412]
mazes.txt: [3.6737955  9.51596817 9.49680067] [0.47427003 1.7468437  1.0368997 ]
random.txt: [29.47742471 84.67513143 76.26824   ] [21.59533154 72.94874066 52.6694778 ]
rooms.txt: [ 5.3467645 19.7289025 17.12319  ] [1.20619556 1.6475051  1.82102261]
sc1.txt: [ 61.510184   393.3736     300.45341333] [ 16.00701782 103.24983058  73.59572812]
wc3.txt: [ 17.57051833 101.57982222  78.07225944] [ 7.29062001 44.51831023 37.74997479]
